k=1	65.3591489045
k=3	45.4990142469
k=5	35.6489231113
k=7	35.6210244392